0.000000000 -3.3165474 1.59145 3.216083 0.0871311128139496 0 0.996196925640106 0
0.033333333 -3.2991874 1.59145 3.1176014 0.0871311128139496 0 0.996196925640106 0
0.066666667 -3.2818274 1.59145 3.0191197 0.0871311128139496 0 0.996196925640106 0
0.100000000 -3.2644675 1.59145 2.920638 0.0871311128139496 0 0.996196925640106 0
0.133333333 -3.2471075 1.59145 2.8221564 0.0871311128139496 0 0.996196925640106 0
0.166666667 -3.2297475 1.59145 2.7236748 0.0871311128139496 0 0.996196925640106 0
0.200000000 -3.2123876 1.59145 2.625193 0.0871311128139496 0 0.996196925640106 0
0.233333333 -3.1950276 1.59145 2.5267115 0.0871311128139496 0 0.996196925640106 0
0.266666667 -3.1776676 1.59145 2.4282298 0.0871311128139496 0 0.996196925640106 0
0.300000000 -3.1603076 1.59145 2.3297482 0.0871311128139496 0 0.996196925640106 0
0.333333333 -3.1429477 1.59145 2.2312665 0.0871311128139496 0 0.996196925640106 0
0.366666667 -3.1255877 1.59145 2.1327848 0.0871311128139496 0 0.996196925640106 0
0.400000000 -3.1082277 1.59145 2.0343032 0.0871311128139496 0 0.996196925640106 0
0.433333333 -3.0908678 1.59145 1.9358215 0.0871311128139496 0 0.996196925640106 0
0.466666667 -3.0735078 1.59145 1.8373399 0.0871311128139496 0 0.996196925640106 0
0.500000000 -3.0561478 1.59145 1.7388582 0.0871311128139496 0 0.996196925640106 0
0.533333333 -3.0387878 1.59145 1.6403766 0.0871311128139496 0 0.996196925640106 0
0.566666667 -3.0214279 1.59145 1.5418949 0.0871311128139496 0 0.996196925640106 0
0.600000000 -3.004068 1.59145 1.4434133 0.0871311128139496 0 0.996196925640106 0
0.633333333 -2.986708 1.59145 1.3449316 0.0871311128139496 0 0.996196925640106 0
0.666666667 -2.969348 1.59145 1.24645 0.0871311128139496 0 0.996196925640106 0
0.700000000 -2.951988 1.59145 1.1479683 0.0871311128139496 0 0.996196925640106 0
0.733333333 -2.934628 1.59145 1.0494866 0.0871311128139496 0 0.996196925640106 0
0.766666667 -2.917268 1.59145 0.951005 0.0871311128139496 0 0.996196925640106 0
0.800000000 -2.899908 1.59145 0.8525233 0.0871311128139496 0 0.996196925640106 0
0.833333333 -2.882548 1.59145 0.7540417 0.0871311128139496 0 0.996196925640106 0
0.866666667 -2.8651881 1.59145 0.65556 0.0871311128139496 0 0.996196925640106 0
0.900000000 -2.8478281 1.59145 0.55707836 0.0871311128139496 0 0.996196925640106 0
0.933333333 -2.8304682 1.59145 0.45859674 0.0871311128139496 0 0.996196925640106 0
0.966666667 -2.8131082 1.59145 0.3601151 0.0871311128139496 0 0.996196925640106 0
1.000000000 -2.7957482 1.59145 0.2616335 0.0871311128139496 0 0.996196925640106 0
1.033333333 -2.7783883 1.59145 0.16315186 0.0871311128139496 0 0.996196925640106 0
1.066666667 -2.7610283 1.59145 0.06467023 0.0871311128139496 0 0.996196925640106 0
1.100000000 -2.7436683 1.59145 -0.033811405 0.0871311128139496 0 0.996196925640106 0
1.133333333 -2.7263083 1.59145 -0.13229305 0.0871311128139496 0 0.996196925640106 0
1.166666667 -2.7089484 1.59145 -0.23077467 0.0871311128139496 0 0.996196925640106 0
1.200000000 -2.6915884 1.59145 -0.3292563 0.0871311128139496 0 0.996196925640106 0
1.233333333 -2.6915884 1.59145 -0.3292563 0.0435946844518185 0 0.999049305915833 0
1.266666667 -2.6828778 1.59145 -0.4288762 0.0435946844518185 0 0.999049305915833 0
1.300000000 -2.6741672 1.59145 -0.5284961 0.0435946844518185 0 0.999049305915833 0
1.333333333 -2.6741672 1.59145 -0.5284961 -2.47237603616668e-05 0 1 0
1.366666667 -2.6741722 1.59145 -0.6284961 -2.47237603616668e-05 0 1 0
1.400000000 -2.6741722 1.59145 -0.6284961 0.0435946844518185 0 0.999049305915833 0
1.433333333 -2.6654615 1.59145 -0.72811604 0.0435946844518185 0 0.999049305915833 0
1.466666667 -2.656751 1.59145 -0.82773596 0.0435946844518185 0 0.999049305915833 0
1.500000000 -2.656751 1.59145 -0.82773596 0.0871311128139496 0 0.996196866035461 0
1.533333333 -2.656751 1.59145 -0.82773596 0.130501687526703 0 0.991448104381561 0
1.566666667 -2.656751 1.59145 -0.82773596 0.173623844981194 0 0.984812080860138 0
1.600000000 -2.6225536 1.59145 -0.9217069 0.173623844981194 0 0.984812080860138 0
1.633333333 -2.5883563 1.59145 -1.0156778 0.173623844981194 0 0.984812080860138 0
1.666666667 -2.554159 1.59145 -1.1096487 0.173623844981194 0 0.984812080860138 0
1.700000000 -2.5199616 1.59145 -1.2036196 0.173623844981194 0 0.984812080860138 0
1.733333333 -2.5199616 1.59145 -1.2036196 0.216415494680405 0 0.976301431655884 0
1.766666667 -2.4777043 1.59145 -1.2942525 0.216415494680405 0 0.976301431655884 0
1.800000000 -2.435447 1.59145 -1.3848854 0.216415494680405 0 0.976301431655884 0
1.833333333 -2.435447 1.59145 -1.3848854 0.258795171976089 0 0.965932190418243 0
1.866666667 -2.3854513 1.59145 -1.4714904 0.258795171976089 0 0.965932190418243 0
1.900000000 -2.3354557 1.59145 -1.5580955 0.258795171976089 0 0.965932190418243 0
1.933333333 -2.3354557 1.59145 -1.5580955 0.216415494680405 0 0.976301372051239 0
1.966666667 -2.2931983 1.59145 -1.6487284 0.216415494680405 0 0.976301372051239 0
2.000000000 -2.2931983 1.59145 -1.6487284 0.173623859882355 0 0.984812080860138 0
2.033333333 -2.2931983 1.59145 -1.6487284 0.130501702427864 0 0.991448163986206 0
2.066666667 -2.2931983 1.59145 -1.6487284 0.0871311351656914 0 0.996196866035461 0
2.100000000 -2.2758384 1.59145 -1.74721 0.0871311351656914 0 0.996196866035461 0
2.133333333 -2.2584784 1.59145 -1.8456917 0.0871311351656914 0 0.996196866035461 0
2.166666667 -2.2411184 1.59145 -1.9441733 0.0871311351656914 0 0.996196866035461 0
2.200000000 -2.2237585 1.59145 -2.042655 0.0871311351656914 0 0.996196866035461 0
2.233333333 -2.2237585 1.59145 -2.042655 0.0435947142541409 0 0.999049365520477 0
2.266666667 -2.2150478 1.59145 -2.1422749 0.0435947142541409 0 0.999049365520477 0
2.300000000 -2.2063372 1.59145 -2.2418947 0.0435947142541409 0 0.999049365520477 0
2.333333333 -2.1976266 1.59145 -2.3415146 0.0435947142541409 0 0.999049365520477 0
2.366666667 -2.188916 1.59145 -2.4411345 0.0435947142541409 0 0.999049365520477 0
2.400000000 -2.1802053 1.59145 -2.5407543 0.0435947142541409 0 0.999049365520477 0
2.433333333 -2.1714947 1.59145 -2.6403742 0.0435947142541409 0 0.999049365520477 0
2.466666667 -2.162784 1.59145 -2.739994 0.0435947142541409 0 0.999049365520477 0
2.500000000 -2.1540735 1.59145 -2.839614 0.0435947142541409 0 0.999049365520477 0
2.533333333 -2.1453629 1.59145 -2.9392338 0.0435947142541409 0 0.999049365520477 0
2.566666667 -2.1366522 1.59145 -3.0388536 0.0435947142541409 0 0.999049365520477 0
2.600000000 -2.1279416 1.59145 -3.1384735 0.0435947142541409 0 0.999049365520477 0
2.633333333 -2.119231 1.59145 -3.2380934 0.0435947142541409 0 0.999049365520477 0
2.666666667 -2.1105204 1.59145 -3.3377132 0.0435947142541409 0 0.999049365520477 0
2.700000000 -2.1018097 1.59145 -3.437333 0.0435947142541409 0 0.999049365520477 0
2.733333333 -2.093099 1.59145 -3.536953 0.0435947142541409 0 0.999049365520477 0
2.766666667 -2.0843885 1.59145 -3.6365728 0.0435947142541409 0 0.999049365520477 0
2.800000000 -2.0756779 1.59145 -3.7361927 0.0435947142541409 0 0.999049365520477 0
2.833333333 -2.0669672 1.59145 -3.8358126 0.0435947142541409 0 0.999049365520477 0
2.866666667 -2.0582566 1.59145 -3.9354324 0.0435947142541409 0 0.999049365520477 0
2.900000000 -2.049546 1.59145 -4.0350523 0.0435947142541409 0 0.999049365520477 0
2.933333333 -2.0408354 1.59145 -4.134672 0.0435947142541409 0 0.999049365520477 0
2.966666667 -2.0321248 1.59145 -4.234292 0.0435947142541409 0 0.999049365520477 0
3.000000000 -2.0234141 1.59145 -4.333912 0.0435947142541409 0 0.999049365520477 0
3.033333333 -2.0147035 1.59145 -4.4335318 0.0435947142541409 0 0.999049365520477 0
3.066666667 -2.005993 1.59145 -4.5331516 0.0435947142541409 0 0.999049365520477 0
3.100000000 -1.9972823 1.59145 -4.6327715 0.0435947142541409 0 0.999049365520477 0
3.133333333 -1.9885716 1.59145 -4.7323914 0.0435947142541409 0 0.999049365520477 0
3.166666667 -1.979861 1.59145 -4.832011 0.0435947142541409 0 0.999049365520477 0
3.200000000 -1.9711504 1.59145 -4.931631 0.0435947142541409 0 0.999049365520477 0
3.233333333 -1.9624398 1.59145 -5.031251 0.0435947142541409 0 0.999049365520477 0
3.266666667 -1.9537292 1.59145 -5.130871 0.0435947142541409 0 0.999049365520477 0
3.300000000 -1.9450185 1.59145 -5.2304907 0.0435947142541409 0 0.999049365520477 0
3.333333333 -1.9450185 1.59145 -5.2304907 -2.46976796915988e-05 0 1 0
3.366666667 -1.9450234 1.59145 -5.3304906 -2.46976796915988e-05 0 1 0
3.400000000 -1.9450283 1.59145 -5.4304905 -2.46976796915988e-05 0 1 0
3.433333333 -1.9450332 1.59145 -5.5304904 -2.46976796915988e-05 0 1 0
3.466666667 -1.9450381 1.59145 -5.6304903 -2.46976796915988e-05 0 1 0
3.500000000 -1.945043 1.59145 -5.73049 -2.46976796915988e-05 0 1 0
3.533333333 -1.9450479 1.59145 -5.83049 -2.46976796915988e-05 0 1 0
3.566666667 -1.9450527 1.59145 -5.93049 -2.46976796915988e-05 0 1 0
3.600000000 -1.9450576 1.59145 -6.03049 -2.46976796915988e-05 0 1 0
3.633333333 -1.9450625 1.59145 -6.13049 -2.46976796915988e-05 0 1 0
3.666666667 -1.9450674 1.59145 -6.2304897 -2.46976796915988e-05 0 1 0
3.700000000 -1.9450723 1.59145 -6.3304896 -2.46976796915988e-05 0 1 0
3.733333333 -1.9450772 1.59145 -6.4304895 -2.46976796915988e-05 0 1 0
3.766666667 -1.9450821 1.59145 -6.5304894 -2.46976796915988e-05 0 1 0
3.800000000 -1.945087 1.59145 -6.6304893 -2.46976796915988e-05 0 1 0
3.833333333 -1.9450918 1.59145 -6.7304893 -2.46976796915988e-05 0 1 0
3.866666667 -1.9450967 1.59145 -6.830489 -2.46976796915988e-05 0 1 0
3.900000000 -1.9450967 1.59145 -6.830489 -0.0436440631747246 0 0.999047160148621 0
3.933333333 -1.9538172 1.59145 -6.930108 -0.0436440631747246 0 0.999047160148621 0
3.966666667 -1.9625378 1.59145 -7.029727 -0.0436440631747246 0 0.999047160148621 0
4.000000000 -1.9712583 1.59145 -7.129346 -0.0436440631747246 0 0.999047160148621 0
4.033333333 -1.9799788 1.59145 -7.228965 -0.0436440631747246 0 0.999047160148621 0
4.066666667 -1.9886993 1.59145 -7.3285837 -0.0436440631747246 0 0.999047160148621 0
4.100000000 -1.9974198 1.59145 -7.4282026 -0.0436440631747246 0 0.999047160148621 0
4.133333333 -2.0061402 1.59145 -7.5278215 -0.0436440631747246 0 0.999047160148621 0
4.166666667 -2.0148606 1.59145 -7.6274405 -0.0436440631747246 0 0.999047160148621 0
4.200000000 -2.023581 1.59145 -7.7270594 -0.0436440631747246 0 0.999047160148621 0
4.233333333 -2.023581 1.59145 -7.7270594 -0.0871803462505341 0 0.996192574501038 0
4.266666667 -2.0409508 1.59145 -7.825539 -0.0871803462505341 0 0.996192574501038 0
4.300000000 -2.0583205 1.59145 -7.924019 -0.0871803462505341 0 0.996192574501038 0
4.333333333 -2.0756903 1.59145 -8.022499 -0.0871803462505341 0 0.996192574501038 0
4.366666667 -2.09306 1.59145 -8.120979 -0.0871803462505341 0 0.996192574501038 0
4.400000000 -2.09306 1.59145 -8.120979 -0.130550682544708 0 0.991441667079926 0
4.433333333 -2.1189468 1.59145 -8.21757 -0.130550682544708 0 0.991441667079926 0
4.466666667 -2.1448336 1.59145 -8.314161 -0.130550682544708 0 0.991441667079926 0
4.500000000 -2.1707203 1.59145 -8.410752 -0.130550682544708 0 0.991441667079926 0
4.533333333 -2.1707203 1.59145 -8.410752 -0.173672497272491 0 0.98480349779129 0
4.566666667 -2.204927 1.59145 -8.50472 -0.173672497272491 0 0.98480349779129 0
4.600000000 -2.2391336 1.59145 -8.598687 -0.173672497272491 0 0.98480349779129 0
4.633333333 -2.2391336 1.59145 -8.598687 -0.216463729739189 0 0.976290702819824 0
4.666666667 -2.2391336 1.59145 -8.598687 -0.258842885494232 0 0.965919494628906 0
4.700000000 -2.2891378 1.59145 -8.685287 -0.258842885494232 0 0.965919494628906 0
4.733333333 -2.2891378 1.59145 -8.685287 -0.216463729739189 0 0.976290702819824 0
4.766666667 -2.2891378 1.59145 -8.685287 -0.173672512173653 0 0.984803557395935 0
4.800000000 -2.2891378 1.59145 -8.685287 -0.130550667643547 0 0.991441667079926 0
4.833333333 -2.2891378 1.59145 -8.685287 -0.0871803313493729 0 0.996192574501038 0
4.866666667 -2.3065076 1.59145 -8.783768 -0.0871803313493729 0 0.996192574501038 0
4.900000000 -2.3065076 1.59145 -8.783768 -0.0436440445482731 0 0.999047219753265 0
4.933333333 -2.315228 1.59145 -8.883387 -0.0436440445482731 0 0.999047219753265 0
4.966666667 -2.3239484 1.59145 -8.983006 -0.0436440445482731 0 0.999047219753265 0
5.000000000 -2.3326688 1.59145 -9.082624 -0.0436440445482731 0 0.999047219753265 0
5.033333333 -2.3326688 1.59145 -9.082624 -2.4675327949808e-05 0 1 0
5.066666667 -2.3326738 1.59145 -9.182625 -2.4675327949808e-05 0 1 0
5.100000000 -2.3326788 1.59145 -9.282625 -2.4675327949808e-05 0 1 0
5.133333333 -2.3326788 1.59145 -9.282625 0.0435947328805923 0 0.999049305915833 0
5.166666667 -2.3326788 1.59145 -9.282625 0.0871311575174332 0 0.996196866035461 0
5.200000000 -2.3153188 1.59145 -9.381106 0.0871311575174332 0 0.996196866035461 0
5.233333333 -2.2979589 1.59145 -9.479588 0.0871311575174332 0 0.996196866035461 0
5.266666667 -2.2805989 1.59145 -9.578069 0.0871311575174332 0 0.996196866035461 0
5.300000000 -2.263239 1.59145 -9.67655 0.0871311575174332 0 0.996196866035461 0
5.333333333 -2.245879 1.59145 -9.775031 0.0871311575174332 0 0.996196866035461 0
5.366666667 -2.228519 1.59145 -9.873512 0.0871311575174332 0 0.996196866035461 0
5.400000000 -2.211159 1.59145 -9.971993 0.0871311575174332 0 0.996196866035461 0
5.433333333 -2.193799 1.59145 -10.070475 0.0871311575174332 0 0.996196866035461 0
5.466666667 -2.176439 1.59145 -10.168956 0.0871311575174332 0 0.996196866035461 0
5.500000000 -2.159079 1.59145 -10.267437 0.0871311575174332 0 0.996196866035461 0
5.533333333 -2.141719 1.59145 -10.365918 0.0871311575174332 0 0.996196866035461 0
5.566666667 -2.1243591 1.59145 -10.464399 0.0871311575174332 0 0.996196866035461 0
5.600000000 -2.1069992 1.59145 -10.5628805 0.0871311575174332 0 0.996196866035461 0
5.633333333 -2.0896392 1.59145 -10.661362 0.0871311575174332 0 0.996196866035461 0
5.666666667 -2.0722792 1.59145 -10.759843 0.0871311575174332 0 0.996196866035461 0
5.700000000 -2.0549192 1.59145 -10.858324 0.0871311575174332 0 0.996196866035461 0
5.733333333 -2.0375593 1.59145 -10.956805 0.0871311575174332 0 0.996196866035461 0
5.766666667 -2.0375593 1.59145 -10.956805 0.130501732230186 0 0.991448104381561 0
5.800000000 -2.011682 1.59145 -11.053399 0.130501732230186 0 0.991448104381561 0
5.833333333 -1.9858049 1.59145 -11.149993 0.130501732230186 0 0.991448104381561 0
5.866666667 -1.9599278 1.59145 -11.246587 0.130501732230186 0 0.991448104381561 0
5.900000000 -1.9340507 1.59145 -11.343181 0.130501732230186 0 0.991448104381561 0
5.933333333 -1.9081736 1.59145 -11.4397745 0.130501732230186 0 0.991448104381561 0
5.966666667 -1.8822964 1.59145 -11.536368 0.130501732230186 0 0.991448104381561 0
6.000000000 -1.8564193 1.59145 -11.632962 0.130501732230186 0 0.991448104381561 0
6.033333333 -1.8305422 1.59145 -11.729556 0.130501732230186 0 0.991448104381561 0
6.066666667 -1.8046651 1.59145 -11.82615 0.130501732230186 0 0.991448104381561 0
6.100000000 -1.778788 1.59145 -11.922744 0.130501732230186 0 0.991448104381561 0
6.133333333 -1.7529109 1.59145 -12.019338 0.130501732230186 0 0.991448104381561 0
6.166666667 -1.7270337 1.59145 -12.1159315 0.130501732230186 0 0.991448104381561 0
6.200000000 -1.7011566 1.59145 -12.212525 0.130501732230186 0 0.991448104381561 0
6.233333333 -1.6752795 1.59145 -12.309119 0.130501732230186 0 0.991448104381561 0
6.266666667 -1.6494024 1.59145 -12.405713 0.130501732230186 0 0.991448104381561 0
6.300000000 -1.6235253 1.59145 -12.502307 0.130501732230186 0 0.991448104381561 0
6.333333333 -1.5976481 1.59145 -12.598901 0.130501732230186 0 0.991448104381561 0
6.366666667 -1.571771 1.59145 -12.695495 0.130501732230186 0 0.991448104381561 0
6.400000000 -1.5458939 1.59145 -12.7920885 0.130501732230186 0 0.991448104381561 0
6.433333333 -1.5200168 1.59145 -12.888682 0.130501732230186 0 0.991448104381561 0
6.466666667 -1.4941397 1.59145 -12.985276 0.130501732230186 0 0.991448104381561 0
6.500000000 -1.4682626 1.59145 -13.08187 0.130501732230186 0 0.991448104381561 0
6.533333333 -1.4423854 1.59145 -13.178464 0.130501732230186 0 0.991448104381561 0
6.566666667 -1.4165083 1.59145 -13.275058 0.130501732230186 0 0.991448104381561 0
6.600000000 -1.3906312 1.59145 -13.371652 0.130501732230186 0 0.991448104381561 0
6.633333333 -1.3906312 1.59145 -13.371652 0.173623889684677 0 0.984812080860138 0
6.666666667 -1.3564339 1.59145 -13.465623 0.173623889684677 0 0.984812080860138 0
6.700000000 -1.3222365 1.59145 -13.559594 0.173623889684677 0 0.984812080860138 0
6.733333333 -1.2880392 1.59145 -13.653565 0.173623889684677 0 0.984812080860138 0
6.766666667 -1.2538419 1.59145 -13.747537 0.173623889684677 0 0.984812080860138 0
6.800000000 -1.2196445 1.59145 -13.841508 0.173623889684677 0 0.984812080860138 0
6.833333333 -1.1854472 1.59145 -13.935479 0.173623889684677 0 0.984812080860138 0
6.866666667 -1.1854472 1.59145 -13.935479 0.216415539383888 0 0.976301431655884 0
6.900000000 -1.1854472 1.59145 -13.935479 0.258795231580734 0 0.965932250022888 0
6.933333333 -1.1854472 1.59145 -13.935479 0.30068227648735 0 0.953724443912506 0
6.966666667 -1.1280936 1.59145 -14.017397 0.30068227648735 0 0.953724443912506 0
7.000000000 -1.07074 1.59145 -14.099315 0.30068227648735 0 0.953724443912506 0
7.033333333 -1.0133864 1.59145 -14.181232 0.30068227648735 0 0.953724443912506 0
7.066666667 -0.95603275 1.59145 -14.26315 0.30068227648735 0 0.953724443912506 0
7.100000000 -0.89867914 1.59145 -14.345068 0.30068227648735 0 0.953724443912506 0
7.133333333 -0.8413255 1.59145 -14.426986 0.30068227648735 0 0.953724443912506 0
7.166666667 -0.8413255 1.59145 -14.426986 0.258795171976089 0 0.965932190418243 0
7.200000000 -0.7913298 1.59145 -14.513591 0.258795171976089 0 0.965932190418243 0
7.233333333 -0.7413341 1.59145 -14.600196 0.258795171976089 0 0.965932190418243 0
7.266666667 -0.69133836 1.59145 -14.686801 0.258795171976089 0 0.965932190418243 0
7.300000000 -0.64134264 1.59145 -14.773406 0.258795171976089 0 0.965932190418243 0
7.333333333 -0.5913469 1.59145 -14.860011 0.258795171976089 0 0.965932190418243 0
7.366666667 -0.5413512 1.59145 -14.946616 0.258795171976089 0 0.965932190418243 0
7.400000000 -0.49135548 1.59145 -15.033221 0.258795171976089 0 0.965932190418243 0
7.433333333 -0.44135976 1.59145 -15.119826 0.258795171976089 0 0.965932190418243 0
7.466666667 -0.44135976 1.59145 -15.119826 0.216415494680405 0 0.976301372051239 0
7.500000000 -0.3991024 1.59145 -15.210459 0.216415494680405 0 0.976301372051239 0
7.533333333 -0.35684502 1.59145 -15.301091 0.216415494680405 0 0.976301372051239 0
7.566666667 -0.31458765 1.59145 -15.391724 0.216415494680405 0 0.976301372051239 0
7.600000000 -0.27233028 1.59145 -15.482356 0.216415494680405 0 0.976301372051239 0
7.633333333 -0.27233028 1.59145 -15.482356 0.173623859882355 0 0.984812080860138 0
7.666666667 -0.2381329 1.59145 -15.576327 0.173623859882355 0 0.984812080860138 0
7.700000000 -0.2039355 1.59145 -15.670299 0.173623859882355 0 0.984812080860138 0
7.733333333 -0.16973811 1.59145 -15.76427 0.173623859882355 0 0.984812080860138 0
7.766666667 -0.16973811 1.59145 -15.76427 0.130501702427864 0 0.991448163986206 0
7.800000000 -0.14386097 1.59145 -15.860864 0.130501702427864 0 0.991448163986206 0
7.833333333 -0.14386097 1.59145 -15.860864 0.130501702427864 0 0.991448163986206 0
