0.000000 0.000000000 0.000000000 0.000000000 -0.000000000 -0.000000000 -0.000000000 1.000000000
0.033333 0.000006543 -0.000001677 -0.002548582 -0.000026894 -0.000128106 0.000060863 1.000000000
0.066667 0.000012396 0.000001862 -0.005083052 -0.000053446 -0.000084445 0.000200900 1.000000000
0.100000 0.000034849 -0.000022538 -0.007694545 -0.000311553 -0.000271790 0.000523259 0.999999821
0.133333 0.000056744 0.000024095 -0.010186868 0.000038740 -0.000117731 0.000366595 0.999999940
0.166667 0.000079789 -0.000002247 -0.012760935 -0.000100637 -0.000490318 0.000237374 0.999999881
0.200000 0.000075695 0.000080111 -0.015242911 0.000441491 -0.000306796 -0.000326625 0.999999821
0.233333 0.000024813 0.000025254 -0.017869646 -0.000040188 -0.000030809 0.000188581 1.000000000
0.266667 0.000049749 0.000023739 -0.020391431 -0.000042333 -0.000144374 0.000185517 1.000000000
0.300000 0.000061370 -0.000023714 -0.023064468 -0.000303661 -0.000057312 0.000155713 0.999999940
0.333333 0.000021781 -0.000166887 -0.025703559 -0.001059973 -0.000086731 0.000421972 0.999999344
0.366667 0.000047128 -0.000086365 -0.028009055 -0.000567158 -0.000317157 0.000329956 0.999999762
0.400000 0.000093325 -0.000046203 -0.030608585 -0.000342203 -0.000336314 -0.000120005 0.999999881
0.433333 0.000354634 0.000088375 -0.033032641 0.000264874 -0.001538151 0.000605995 0.999998629
0.466667 0.000370212 0.000073160 -0.035577796 0.000098228 -0.001567724 0.000630271 0.999998629
0.500000 0.000386583 0.000035836 -0.038148850 -0.000183477 -0.001587525 0.000822830 0.999998391
0.533333 0.000328488 0.000049607 -0.040735256 -0.000147680 -0.001107621 0.000647202 0.999999166
0.566667 0.000448910 0.000085497 -0.043198608 0.000113861 -0.001789086 0.000765854 0.999998093
0.600000 0.000385898 0.000030584 -0.045924585 -0.000296141 -0.001308288 0.000613513 0.999998987
0.633333 0.000556008 0.000070418 -0.048226874 0.000003900 -0.002353602 0.000797594 0.999996960
0.666667 0.000392316 0.000094984 -0.050938733 0.000075549 -0.001311798 0.000739468 0.999998868
0.700000 0.000318277 0.000223696 -0.053830374 0.000622923 -0.000772936 -0.000250067 0.999999464
0.733333 0.000220577 0.000227640 -0.056473065 0.000634913 -0.000012465 -0.000305865 0.999999821
0.766667 0.000329685 0.000201184 -0.058914289 0.000392025 -0.000600606 -0.000057585 0.999999762
0.800000 0.000227085 0.000116246 -0.061611582 -0.000001147 -0.000105031 0.000227907 1.000000000
0.833333 0.000427527 0.000160912 -0.063962735 0.000075334 -0.001147086 0.000296994 0.999999344
0.866667 0.000264869 0.000107245 -0.066687413 -0.000188185 -0.000139063 0.000565617 0.999999821
0.900000 0.000494658 0.000184208 -0.069008522 0.000219578 -0.001390099 0.000366648 0.999998987
0.933333 0.000317152 0.000077227 -0.071789287 -0.000255738 -0.000465957 0.000310395 0.999999821
0.966667 0.000346980 0.000170358 -0.074369907 0.000234594 -0.000591470 0.000206728 0.999999762
1.000000 0.000318281 0.000018792 -0.076838076 -0.000628173 -0.000433487 0.000569149 0.999999583
1.033333 0.000108115 0.000207728 -0.079472385 0.000508916 0.000539039 -0.000548099 0.999999583
1.066667 0.000435047 0.000115323 -0.081825651 -0.000164774 -0.000883366 0.000489226 0.999999523
1.100000 0.000311879 0.000144811 -0.084646605 0.000155552 -0.000342192 -0.000034317 1.000000000
1.133333 0.000348264 0.000151445 -0.087048307 0.000165381 -0.000512333 0.000271773 0.999999821
1.166667 0.000240858 0.000352726 -0.089657634 0.001024118 -0.000029367 -0.000391450 0.999999404
1.200000 0.000179105 0.000152273 -0.091930427 0.000245179 -0.000034819 -0.000809948 0.999999642
1.233333 0.000170282 0.000397343 -0.091767661 0.001615814 -0.030131498 -0.001610163 0.999543369
1.266667 0.000236430 0.000435605 -0.094489336 0.001532038 -0.029558923 -0.000538101 0.999561727
1.300000 0.000563657 0.000410848 -0.096784562 0.001379176 -0.030393317 -0.001003516 0.999536574
1.333333 0.000673481 0.000386491 -0.095848009 0.001520322 -0.060370635 -0.000921108 0.998174489
1.366667 0.000803503 0.000152443 -0.098369293 0.000735832 -0.059818804 -0.000956341 0.998208582
1.400000 0.000979302 0.000317317 -0.098874718 0.001148084 -0.031072790 -0.000854145 0.999516129
1.433333 0.001264614 0.000461765 -0.101492763 0.001931808 -0.032243934 -0.001859839 0.999476492
1.466667 0.001546927 0.000362178 -0.103814386 0.001443916 -0.032348204 -0.002378322 0.999472797
1.500000 0.001078731 0.000281989 -0.104680173 0.000821531 0.000009806 -0.001171537 0.999999046
1.533333 0.000800424 0.000473408 -0.104847610 0.001605367 0.031197006 -0.001662139 0.999510646
1.566667 0.000685148 0.000702461 -0.105131872 0.002311038 0.061562356 -0.002238850 0.998098075
1.600000 0.000147653 0.000006514 -0.108187549 0.000078355 0.062325370 -0.001753381 0.998054326
1.633333 -0.000073685 0.000042770 -0.110663831 0.000276117 0.061890438 -0.001677295 0.998081505
1.666667 -0.000554789 -0.000006918 -0.113266237 -0.000016713 0.062728956 -0.001736043 0.998029113
1.700000 -0.001036341 -0.000067323 -0.115944453 -0.000512928 0.063550323 -0.001247766 0.997977793
1.733333 -0.001642519 -0.000044276 -0.116855212 -0.000482910 0.096496619 -0.001951107 0.995331287
1.766667 -0.001852336 -0.000070109 -0.119038522 -0.000808974 0.094967745 -0.002078164 0.995477915
1.800000 -0.002288405 -0.000007976 -0.121861607 -0.000057622 0.094009809 -0.000999999 0.995570779
1.833333 -0.002507538 0.000038422 -0.122258164 -0.000340528 0.124578595 -0.003009491 0.992205143
1.866667 -0.003280964 -0.000025634 -0.124805510 -0.000741424 0.125123084 -0.002756318 0.992137194
1.900000 -0.004493934 -0.000175290 -0.127522826 -0.001336975 0.127787054 -0.002675539 0.991797149
1.933333 -0.003405279 -0.000200352 -0.126405135 -0.001029513 0.092797294 -0.000454651 0.995684445
1.966667 -0.004287040 -0.000085435 -0.129154652 -0.000426802 0.094531938 -0.002099581 0.995519578
2.000000 -0.002943472 -0.000142677 -0.128112048 -0.000943752 0.058927421 -0.000479964 0.998261750
2.033333 -0.002709058 0.000135489 -0.126991794 0.000468510 0.029514316 -0.002540771 0.999561012
2.066667 -0.002521019 -0.000187439 -0.125338584 -0.000595801 -0.000788305 -0.000393591 0.999999464
2.100000 -0.002566856 -0.000150541 -0.127973244 -0.000320812 -0.000720413 -0.000630415 0.999999523
2.133333 -0.002494674 -0.000142256 -0.130466223 -0.000330744 -0.000821194 -0.000533542 0.999999523
2.166667 -0.002575944 -0.000176463 -0.133114278 -0.000538693 -0.000416898 -0.000408836 0.999999762
2.200000 -0.002471638 -0.000078121 -0.135585189 0.000056718 -0.000834413 -0.000822038 0.999999344
2.233333 -0.002390710 -0.000012284 -0.134094208 0.000096144 -0.031678107 -0.001270633 0.999497354
2.266667 -0.002191318 -0.000009624 -0.136547476 -0.000054772 -0.031921871 -0.000751334 0.999490082
2.300000 -0.002049693 -0.000025369 -0.139147744 0.000078484 -0.031663656 -0.001304646 0.999497771
2.333333 -0.001883599 -0.000031842 -0.141769916 -0.000028793 -0.031533025 -0.001188096 0.999502063
2.366667 -0.001689312 0.000056925 -0.144213364 0.000450745 -0.031622853 -0.001550051 0.999498665
2.400000 -0.001580762 -0.000037042 -0.146872029 -0.000114466 -0.031535599 -0.000951567 0.999502242
2.433333 -0.001388042 -0.000023297 -0.149388969 0.000011084 -0.031475838 -0.001361493 0.999503613
2.466667 -0.001235748 -0.000033463 -0.151948303 -0.000042602 -0.031458642 -0.001488623 0.999503970
2.500000 -0.001033123 0.000149611 -0.154492080 0.000651750 -0.031608149 -0.001990922 0.999498129
2.533333 -0.000884576 0.000037633 -0.157073900 0.000180730 -0.031524494 -0.001472671 0.999501884
2.566667 -0.000666125 0.000136617 -0.159551233 0.000606309 -0.031676814 -0.002122905 0.999495745
2.600000 -0.000472685 0.000133575 -0.162173331 0.000584441 -0.031717021 -0.001742554 0.999495208
2.633333 -0.000328906 0.000157096 -0.164835513 0.000502465 -0.031703811 -0.001626971 0.999495924
2.666667 -0.000008905 0.000058775 -0.167063564 0.000352087 -0.032217313 -0.001165782 0.999480128
2.700000 0.000180592 0.000045411 -0.169619694 0.000178307 -0.032203469 -0.001045637 0.999480784
2.733333 0.000328328 0.000042714 -0.172133476 0.000282077 -0.032209545 -0.001192889 0.999480367
2.766667 0.000442337 0.000041713 -0.174757868 0.000331122 -0.031894471 -0.001312559 0.999490321
2.800000 0.000688885 0.000061230 -0.177188948 0.000404601 -0.032203484 -0.000969986 0.999480844
2.833333 0.000728817 -0.000027007 -0.179900587 -0.000106920 -0.031580921 -0.001064783 0.999500692
2.866667 0.001109270 0.000050409 -0.182303727 0.000256560 -0.032563366 -0.001076268 0.999469101
2.900000 0.001136752 0.000075699 -0.184972867 0.000246468 -0.031940434 -0.001456956 0.999488711
2.933333 0.001395544 -0.000007696 -0.187445953 -0.000085374 -0.032304253 -0.001110268 0.999477506
2.966667 0.001465664 -0.000084187 -0.190021887 -0.000368643 -0.031903189 -0.001032289 0.999490380
3.000000 0.001666728 -0.000283960 -0.192677632 -0.000916040 -0.032039363 -0.000705766 0.999485970
3.033333 0.001916927 -0.000111596 -0.195273817 -0.000591567 -0.032509938 -0.001330278 0.999470353
3.066667 0.001976213 -0.000427417 -0.197841898 -0.001648301 -0.031842146 -0.001099826 0.999491036
3.100000 0.001896812 -0.000071872 -0.200962901 -0.000371817 -0.030809212 -0.000483866 0.999525130
3.133333 0.002058335 -0.000072723 -0.203526974 -0.000515977 -0.030790020 -0.000294942 0.999525785
3.166667 0.002239840 -0.000091940 -0.206057593 -0.000517551 -0.030807173 -0.000492038 0.999525130
3.200000 0.002341945 -0.000097477 -0.208624437 -0.000501701 -0.030640120 -0.000672796 0.999530196
3.233333 0.002576061 -0.000042128 -0.211121857 -0.000172361 -0.030815713 -0.000702237 0.999524891
3.266667 0.002645196 -0.000103968 -0.213676348 -0.000428692 -0.030589839 -0.000575217 0.999531806
3.300000 0.002912357 -0.000131867 -0.216202021 -0.000700948 -0.031010276 -0.000240591 0.999518812
3.333333 0.002737397 0.000038585 -0.215274245 -0.000029688 -0.060419161 -0.000116455 0.998173177
3.366667 0.003211809 0.000088009 -0.217982695 0.000155803 -0.061169133 -0.000547619 0.998127282
3.400000 0.003456007 -0.000089331 -0.220533013 -0.000418888 -0.060671739 -0.001241762 0.998156965
3.433333 0.003525548 0.000004463 -0.222437948 -0.000040167 -0.060084097 0.000773144 0.998193026
3.466667 0.003788869 0.000019690 -0.224976048 -0.000064019 -0.059859414 0.000825721 0.998206496
3.500000 0.004189328 0.000031279 -0.227442876 0.000000198 -0.060302638 0.000726939 0.998179913
3.533333 0.004340039 0.000055330 -0.230104908 0.000178463 -0.059379134 0.000549200 0.998235404
3.566667 0.004798804 0.000038895 -0.232490256 -0.000012947 -0.060286716 0.000863098 0.998180747
3.600000 0.005087584 0.000079129 -0.235162750 0.000237599 -0.060140792 0.000680243 0.998189688
3.633333 0.005438283 0.000089099 -0.237590283 0.000235227 -0.060350303 0.001051538 0.998176754
3.666667 0.005600914 0.000103950 -0.240252405 0.000209919 -0.059755962 0.000558357 0.998212874
3.700000 0.006048932 0.000016835 -0.242679387 -0.000188706 -0.060472429 0.000812449 0.998169541
3.733333 0.006247475 0.000111347 -0.245250627 0.000239187 -0.059902463 0.000262893 0.998204172
3.766667 0.006396396 0.000145580 -0.247825712 0.000319599 -0.059197742 0.000636566 0.998246014
3.800000 0.006696906 0.000366287 -0.250307828 0.001098974 -0.059158880 0.001151620 0.998247385
3.833333 0.007251189 0.000167480 -0.252970070 0.000458135 -0.060284596 0.000432269 0.998181045
3.866667 0.007597995 0.000173014 -0.255317509 0.000552175 -0.060400456 0.000720788 0.998173833
3.900000 0.007697195 0.000012230 -0.254411221 0.000189135 -0.090651296 -0.000328206 0.995882690
3.933333 0.008129178 0.000010348 -0.256857574 -0.000003868 -0.090501882 -0.000212766 0.995896280
3.966667 0.008560150 0.000023550 -0.259315938 0.000106134 -0.090368457 -0.000502911 0.995908320
4.000000 0.009013698 0.000003970 -0.261777610 -0.000188340 -0.090582058 0.000108480 0.995889008
4.033333 0.009459760 0.000005650 -0.264304608 0.000210917 -0.090671018 -0.000573409 0.995880723
4.066667 0.009880528 0.000025802 -0.266819566 0.000321182 -0.090558663 -0.000742619 0.995890796
4.100000 0.010287981 -0.000054831 -0.269387275 -0.000228666 -0.090200476 -0.000320315 0.995923638
4.133333 0.010638546 0.000034521 -0.271927327 0.000495798 -0.089775838 0.000044913 0.995961905
4.166667 0.011105822 0.000014283 -0.274482697 0.000377542 -0.089717060 -0.000131714 0.995967269
4.200000 0.011603243 0.000041632 -0.276949376 0.000448249 -0.090096161 -0.000195919 0.995932937
4.233333 0.011288930 0.000254847 -0.277307063 0.000977102 -0.118779153 -0.001110550 0.992919683
4.266667 0.011849516 0.000351120 -0.279409587 0.001675622 -0.119365826 -0.003445294 0.992843032
4.300000 0.012552232 0.000279080 -0.281530082 0.001151913 -0.119187787 -0.001880182 0.992869318
4.333333 0.012977978 0.000313824 -0.283898085 0.001332389 -0.118419431 -0.002067130 0.992960632
4.366667 0.013567816 0.000326692 -0.286356062 0.001309355 -0.118333340 -0.001959994 0.992971122
4.400000 0.013732658 0.000360196 -0.286591649 0.001392738 -0.148905531 -0.002654834 0.988846958
4.433333 0.014348960 0.000426434 -0.288766325 0.001602766 -0.148203507 -0.002335948 0.988952935
4.466667 0.014992402 0.000292281 -0.290633559 0.000866412 -0.148764819 -0.001998995 0.988870203
4.500000 0.015649462 0.000242784 -0.292792588 0.000674131 -0.148694128 -0.002256980 0.988880455
4.533333 0.015255114 0.000217807 -0.292307943 0.000752626 -0.176614955 -0.002540597 0.984276474
4.566667 0.016132256 0.000217967 -0.294805408 0.000866297 -0.176445141 -0.002320175 0.984307349
4.600000 0.017022127 0.000211467 -0.297027677 0.000605956 -0.176682621 -0.002517293 0.984264493
4.633333 0.017248895 0.000014753 -0.297623277 0.000643852 -0.206451684 -0.005255664 0.978442490
4.666667 0.016952150 0.000309204 -0.296522468 0.001458241 -0.235693380 -0.004960194 0.971813738
4.700000 0.018047826 0.000245751 -0.298872530 0.001075719 -0.235210910 -0.005069747 0.971930563
4.733333 0.018199762 0.000586687 -0.299193829 0.002162840 -0.205936402 -0.003775158 0.978555739
4.766667 0.018232346 0.000364698 -0.300292313 0.001071842 -0.174979761 -0.002694456 0.984567821
4.800000 0.018490162 0.000044893 -0.300004631 0.000653390 -0.147185490 -0.002392717 0.989105821
4.833333 0.018372385 0.000354515 -0.300367892 0.001260733 -0.116808191 -0.000782554 0.993153393
4.866667 0.018948499 0.000402032 -0.302954674 0.001508128 -0.116640307 -0.000918760 0.993172705
4.900000 0.019118533 0.000543342 -0.304184526 0.001977792 -0.086576097 -0.001791270 0.996241689
4.933333 0.019568007 0.000664559 -0.306748271 0.002096134 -0.086466819 -0.002469769 0.996249497
4.966667 0.019784899 0.000572199 -0.309121430 0.001947744 -0.085706025 -0.002504603 0.996315479
5.000000 0.020001275 0.000528400 -0.311707675 0.002026981 -0.084098063 -0.001135298 0.996454775
5.033333 0.019882115 0.000219810 -0.312668294 0.000257799 -0.053434212 -0.000250596 0.998571336
5.066667 0.020033725 0.000176283 -0.315295905 0.000069501 -0.052656252 -0.000538130 0.998612583
5.100000 0.020420255 0.000200009 -0.317726344 0.000176074 -0.053334683 -0.000289074 0.998576641
5.133333 0.020181123 0.000133167 -0.318867803 -0.000155752 -0.021704646 0.000239899 0.999764442
5.166667 0.019750660 0.000461013 -0.319226950 0.001304568 0.010265077 -0.000263321 0.999946475
5.200000 0.019706650 0.000369468 -0.322278202 0.000956926 0.011133211 0.000571762 0.999937415
5.233333 0.019601664 0.000368313 -0.324932873 0.000809289 0.011412271 0.000603329 0.999934435
5.266667 0.019698422 0.000298386 -0.327402771 0.000476775 0.010402987 0.000385555 0.999945760
5.300000 0.019585324 0.000372999 -0.330041438 0.000833035 0.010831825 0.000638755 0.999940813
5.333333 0.019600986 0.000367907 -0.332514763 0.000803880 0.010505589 0.000390068 0.999944448
5.366667 0.019467201 0.000409647 -0.335134029 0.000887786 0.010812793 0.000707872 0.999940872
5.400000 0.019632170 0.000270768 -0.337567300 0.000195828 0.009811651 0.000795623 0.999951601
5.433333 0.019478519 0.000559418 -0.340175360 0.001641197 0.010095871 0.000028529 0.999947727
5.466667 0.019710161 0.000495925 -0.342757225 0.001135864 0.008868890 -0.000279620 0.999960005
5.500000 0.019546011 0.000611392 -0.345295578 0.001184537 0.009707262 -0.000592445 0.999952018
5.533333 0.019499172 0.000610051 -0.347827792 0.001130082 0.009540244 -0.000682653 0.999953628
5.566667 0.019469168 0.000631684 -0.350350112 0.001192257 0.009499355 -0.000355788 0.999954164
5.600000 0.019430520 0.000598403 -0.352938950 0.000861418 0.009389356 -0.000648703 0.999955356
5.633333 0.019383773 0.000595614 -0.355504483 0.000977147 0.009517414 -0.000543301 0.999954104
5.666667 0.019266093 0.000636736 -0.358027637 0.001042682 0.009725894 -0.001057290 0.999951661
5.700000 0.019291336 0.000654461 -0.360554218 0.000999084 0.009526407 -0.000683617 0.999953926
5.733333 0.019115763 0.000587315 -0.363140047 0.000707648 0.010037309 -0.000483141 0.999949336
5.766667 0.018519010 0.000500170 -0.364567071 0.000404567 0.042389493 0.000266138 0.999101043
5.800000 0.018243212 0.000520063 -0.367211968 0.000441478 0.042632878 -0.000363331 0.999090672
5.833333 0.018123282 0.000497036 -0.369723499 0.000314785 0.042117137 0.000178314 0.999112666
5.866667 0.017853003 0.000518771 -0.372373372 0.000412994 0.042237546 0.000085835 0.999107540
5.900000 0.017717967 0.000547463 -0.374931484 0.000634235 0.041726295 0.000243065 0.999128819
5.933333 0.017403485 0.000532655 -0.377519310 0.000284498 0.042101700 0.000265772 0.999113321
5.966667 0.017156614 0.000559308 -0.380025893 0.000473552 0.042411637 0.000328715 0.999100089
6.000000 0.017029775 0.000582844 -0.382524788 0.000514836 0.041872274 -0.000348540 0.999122798
6.033333 0.016695352 0.000634639 -0.385228664 0.000855784 0.042424738 0.000301871 0.999099314
6.066667 0.016407769 0.000566512 -0.387430817 0.000669853 0.042709213 0.000067302 0.999087334
6.100000 0.016142240 0.000553741 -0.390008092 0.000602602 0.042985149 -0.000151156 0.999075592
6.133333 0.015942326 0.000582336 -0.392479718 0.000700070 0.043021087 -0.000087216 0.999073982
6.166667 0.015648333 0.000564962 -0.395134211 0.000604767 0.043257050 0.000131665 0.999063849
6.200000 0.015542387 0.000612553 -0.397616327 0.000867980 0.042829867 0.000207892 0.999082029
6.233333 0.015351140 0.000605852 -0.400237828 0.000742356 0.042628471 0.000830789 0.999090374
6.266667 0.015131158 0.000547609 -0.402725965 0.000441663 0.042795129 0.000792558 0.999083519
6.300000 0.014939526 0.000592546 -0.405163169 0.000533446 0.042668231 0.000490668 0.999089122
6.333333 0.014580291 0.000692952 -0.407727003 0.000928247 0.043037366 0.000307348 0.999073029
6.366667 0.014384897 0.000666785 -0.410285532 0.000820164 0.042911392 0.000752555 0.999078333
6.400000 0.014212547 0.000721572 -0.412878156 0.001144073 0.042612277 0.000395053 0.999090970
6.433333 0.013945767 0.000559616 -0.415353030 0.000231580 0.042979624 0.000400835 0.999075890
6.466667 0.013411947 0.000330045 -0.417544931 0.000068299 0.043783531 0.004100369 0.999032617
6.500000 0.013232289 0.000349179 -0.420077026 0.000229203 0.043583427 0.003946531 0.999042034
6.533333 0.013040131 0.000341586 -0.422632873 0.000102041 0.043487459 0.003779787 0.999046862
6.566667 0.012832159 0.000339689 -0.425162256 0.000017387 0.043257538 0.003987013 0.999056041
6.600000 0.012621209 0.000312321 -0.427646607 -0.000226788 0.043397434 0.004117494 0.999049425
6.633333 0.012576465 0.000423271 -0.428265244 0.000466940 0.072908580 0.003703635 0.997331679
6.666667 0.012800814 0.000245042 -0.430170864 -0.000766439 0.071095496 0.000173169 0.997469246
6.700000 0.012470417 0.000241425 -0.432701051 -0.000861010 0.070722677 -0.000044878 0.997495651
6.733333 0.012159879 0.000287408 -0.435195625 -0.000536526 0.070652291 -0.000115644 0.997500837
6.766667 0.011564084 0.000195718 -0.437828749 -0.001096652 0.071862049 0.000429144 0.997413933
6.800000 0.011463333 0.000291240 -0.440200210 -0.000341129 0.070598237 0.000035826 0.997504830
6.833333 0.010926113 0.000254821 -0.442812622 -0.000550232 0.071423307 -0.000154167 0.997446001
6.866667 0.010663029 0.000212605 -0.443656474 -0.000792132 0.102079146 0.000408731 0.994775951
6.900000 0.009794537 0.000280839 -0.444557160 -0.000103888 0.136210456 0.001060380 0.990679324
6.933333 0.008826175 0.000273095 -0.445129395 -0.000012064 0.170878828 0.001920449 0.985290229
6.966667 0.007766653 0.000321878 -0.447564930 0.000212279 0.171844020 0.002025666 0.985122085
7.000000 0.007105160 0.000262966 -0.449753404 -0.000093656 0.171589896 0.001874649 0.985166728
7.033333 0.005999358 0.000376537 -0.452306479 0.000427555 0.172425330 0.001165607 0.985021830
7.066667 0.005354133 0.000149734 -0.454563469 -0.000724485 0.171575844 0.002042355 0.985168576
7.100000 0.004622397 -0.000133408 -0.457305074 -0.002427795 0.169920251 0.001358643 0.985453904
7.133333 0.003835310 0.000041603 -0.459614843 -0.001621889 0.169901028 0.001519129 0.985458612
7.166667 0.004977714 0.000180956 -0.459066182 -0.000881403 0.135199010 0.000667656 0.990817904
7.200000 0.004192874 0.000136124 -0.461679161 -0.000961301 0.135231495 0.001558122 0.990812361
7.233333 0.003529048 0.000237701 -0.463909417 -0.000470091 0.135785222 0.000294556 0.990738153
7.266667 0.002833433 0.000140633 -0.466445833 -0.000939099 0.135247365 0.001031017 0.990810931
7.300000 0.002280030 0.000272969 -0.468874872 -0.000547687 0.135049611 0.000201846 0.990838706
7.333333 0.001398395 0.000106404 -0.471336663 -0.000897248 0.135916665 0.001198048 0.990719140
7.366667 0.001056069 0.000072177 -0.474045187 -0.001578608 0.134428263 -0.000873088 0.990921676
7.400000 0.000342076 0.000019776 -0.476504683 -0.001804543 0.134469911 -0.000994833 0.990915596
7.433333 -0.000314077 -0.000006327 -0.478932709 -0.001909711 0.134479955 -0.000660951 0.990914285
7.466667 0.000053389 -0.000157279 -0.478490800 -0.002342760 0.103233434 0.000598900 0.994654238
7.500000 -0.000574074 -0.000167810 -0.480888277 -0.001936139 0.103792764 0.001196332 0.994596422
7.533333 -0.001074915 -0.000170680 -0.483333677 -0.001925948 0.103611998 0.000823291 0.994615614
7.566667 -0.001645510 -0.000205258 -0.485786170 -0.002300437 0.103855178 0.000540963 0.994589627
7.600000 -0.002000795 -0.000036094 -0.487855285 -0.001793073 0.103503108 -0.000427624 0.994627476
7.633333 -0.001275391 0.000171375 -0.486775249 -0.001107711 0.071607538 0.000537747 0.997432172
7.666667 -0.001710984 0.000202277 -0.489286602 -0.000812440 0.072052851 0.000486208 0.997400403
7.700000 -0.002031919 0.000224936 -0.491777390 -0.000653734 0.071943335 0.000322958 0.997408509
7.733333 -0.002499917 0.000164506 -0.494312674 -0.001016419 0.072443388 0.000110904 0.997372031
7.766667 -0.002392508 0.000089140 -0.494300306 -0.001336202 0.041988406 -0.000529797 0.999117076
7.800000 -0.002761486 0.000218404 -0.496604294 -0.000969395 0.042241186 -0.000391191 0.999106944
7.833333 -0.002713447 0.000416618 -0.496387661 -0.000074870 0.042519074 -0.000505002 0.999095559
