0.000000 0.0000000 0.0000000 0.0000000 -0.0000000 -0.0000000 -0.0000000 1.0000000
0.433333 0.0003546 0.0000884 -0.0330326 0.0002649 -0.0015382 0.0006060 0.9999986
0.700000 0.0003183 0.0002237 -0.0538304 0.0006229 -0.0007729 -0.0002501 0.9999995
1.200000 0.0001791 0.0001523 -0.0919304 0.0002452 -0.0000348 -0.0008099 0.9999996
1.600000 0.0001477 0.0000065 -0.1081875 0.0000784 0.0623254 -0.0017534 0.9980543
1.833333 -0.0025075 0.0000384 -0.1222582 -0.0003405 0.1245786 -0.0030095 0.9922051
2.066667 -0.0025210 -0.0001874 -0.1253386 -0.0005958 -0.0007883 -0.0003936 0.9999995
2.233333 -0.0023907 -0.0000123 -0.1340942 0.0000961 -0.0316781 -0.0012706 0.9994974
2.666667 -0.0000089 0.0000588 -0.1670636 0.0003521 -0.0322173 -0.0011658 0.9994801
3.100000 0.0018968 -0.0000719 -0.2009629 -0.0003718 -0.0308092 -0.0004839 0.9995251
3.433333 0.0035255 0.0000045 -0.2224379 -0.0000402 -0.0600841 0.0007731 0.9981930
3.900000 0.0076972 0.0000122 -0.2544112 0.0001891 -0.0906513 -0.0003282 0.9958827
4.133333 0.0106385 0.0000345 -0.2719273 0.0004958 -0.0897758 0.0000449 0.9959619
4.333333 0.0129780 0.0003138 -0.2838981 0.0013324 -0.1184194 -0.0020671 0.9929606
4.533333 0.0152551 0.0002178 -0.2923079 0.0007526 -0.1766150 -0.0025406 0.9842765
4.666667 0.0169521 0.0003092 -0.2965224 0.0014582 -0.2356934 -0.0049602 0.9718137
4.833333 0.0183724 0.0003545 -0.3003679 0.0012607 -0.1168082 -0.0007826 0.9931534
5.033333 0.0198821 0.0002198 -0.3126683 0.0002578 -0.0534342 -0.0002506 0.9985713
5.200000 0.0197066 0.0003695 -0.3222782 0.0009569 0.0111332 0.0005718 0.9999374
5.500000 0.0195460 0.0006114 -0.3452955 0.0011845 0.0097073 -0.0005924 0.9999520
5.766667 0.0185190 0.0005002 -0.3645671 0.0004046 0.0423895 0.0002661 0.9991010
6.066667 0.0164078 0.0005665 -0.3874308 0.0006699 0.0427092 0.0000673 0.9990873
6.466667 0.0134119 0.0003300 -0.4175450 0.0000683 0.0437835 0.0041004 0.9990326
6.666667 0.0128008 0.0002450 -0.4301709 -0.0007664 0.0710955 0.0001732 0.9974692
6.900000 0.0097945 0.0002808 -0.4445572 -0.0001039 0.1362105 0.0010604 0.9906793
7.366667 0.0010561 0.0000722 -0.4740452 -0.0015786 0.1344283 -0.0008731 0.9909217
7.633333 -0.0012754 0.0001714 -0.4867752 -0.0011077 0.0716075 0.0005377 0.9974322
